0 0.2625 0.534375 0.12109375 0.18203125
0 0.41015625 0.159375 0.0546875 0.04375
0 0.42109375 0.31640625 0.08125 0.1953125
0 0.49140625 0.2984375 0.07109375 0.1953125
0 0.44921875 0.61484375 0.09375 0.19140625
0 0.54921875 0.85 0.09921875 0.2359375
0 0.52578125 0.37578125 0.04921875 0.07734375
0 0.59375 0.121875 0.05859375 0.1453125
0 0.31953125 0.275 0.1359375 0.090625
0 0.39453125 0.390625 0.15625 0.13515625
0 0.47421875 0.396875 0.05859375 0.08046875
0 0.39921875 0.20234375 0.05703125 0.05703125
